 Call:
 randomForest(formula = y ~ ., data = training_data, ntree = 200,      mtry = ceiling(sqrt(dim(training_data)[2])), importance = TRUE,      proximity = TRUE) 
               Type of random forest: classification
                     Number of trees: 200
No. of variables tried at each split: 16

        OOB estimate of  error rate: 30.8%
Confusion matrix:
   0    1 class.error
0 32  826  0.96270396
1 53 1943  0.02655311


 0     1 MeanDecreaseAccuracy MeanDecreaseGini
wtdrd1     -2.01  0.23                -0.83             6.86
wtdr2d     -0.16  0.78                 0.62             7.43
dr1drstz    0.00  0.00                 0.00             0.00
dr1exmer    0.08  0.70                 0.70             3.36
drabf       0.00  0.00                 0.00             0.00
drdint      0.00  0.00                 0.00             0.00
dr1dbih     0.05  0.50                 0.37             5.71
dr1day     -0.96 -0.70                -1.18             2.89
dr1lang    -0.14  2.69                 2.34             0.92
dr1mresp    0.00  1.00                 1.00             0.06
dr1help     1.74 -1.18                -0.58             0.36
dbq095z    -1.27  0.20                -0.51             1.46
drqsprep    1.88 -0.59                 0.50             2.16
dr1sty      0.49  0.58                 0.91             0.77
drqsdiet    0.37  0.18                 0.30             0.49
dr1tnumf   -1.83  1.57                 0.59             3.60
dr1tkcal   -2.23  3.46                 3.34             5.95
dr1tprot   -3.08  3.53                 2.39             6.38
dr1tcarb   -3.00  3.45                 2.76             6.71
dr1tsugr   -1.84  1.75                 0.56             7.79
dr1tfibe   -2.36  2.65                 1.50             5.62
dr1ttfat   -2.71  3.56                 3.11             5.76
dr1tsfat   -3.54  3.31                 2.34             5.01
dr1tmfat   -3.00  4.66                 4.00             5.51
dr1tpfat   -3.16  3.93                 3.30             6.28
dr1tchol   -2.09  4.57                 3.53             5.78
dr1tatoc   -4.59  4.14                 1.58             5.06
dr1tatoa   -0.78  2.37                 1.28             1.50
dr1tret    -1.56  3.99                 3.13             5.29
dr1tvara   -1.91  3.85                 2.69             6.19
dr1tacar   -1.14  2.24                 1.50             4.97
dr1tbcar   -2.87  2.55                 1.16             6.10
dr1tcryp   -1.10  0.87                 0.27             7.34
dr1tlyco   -1.79  1.59                 0.54             4.50
dr1tlz     -1.83  4.37                 2.93             6.66
dr1tvb1    -0.97  0.17                -0.42             5.50
dr1tvb2    -3.85  2.97                 1.36             5.08
dr1tniac   -2.97  2.22                 0.72             6.16
dr1tvb6    -3.64  3.83                 1.27             5.63
dr1tfola   -2.27  3.60                 2.96             4.66
dr1tfa     -2.68  0.81                -1.22             5.30
dr1tff     -2.99  5.16                 4.01             5.70
dr1tfdfe   -2.87  2.80                 1.53             4.78
dr1tchl    -1.56  1.71                 0.81             6.22
dr1tvb12   -1.69  3.54                 2.95             6.18
dr1tb12a   -1.39  3.70                 1.70             2.13
dr1tvc     -2.11  3.15                 2.16             6.56
dr1tvd     -3.47  4.44                 2.63             5.45
dr1tvk     -3.00  3.53                 1.57             5.88
dr1tcalc   -4.38  4.91                 2.47             6.98
dr1tphos   -3.00  3.89                 3.32             5.35
dr1tmagn   -2.39  2.07                 0.90             4.89
dr1tiron   -2.53  4.17                 2.80             5.24
dr1tzinc   -3.54  2.88                 1.62             5.73
dr1tcopp   -2.24  3.00                 1.49             5.50
dr1tsodi   -3.01  3.21                 2.13             5.37
dr1tpota   -4.37  3.50                 1.41             5.60
dr1tsele   -4.50  4.28                 1.72             6.09
dr1tcaff    0.26  1.80                 1.86             7.02
dr1ttheo   -0.82 -0.84                -1.16             3.59
dr1talco    0.98 -1.10                -0.49             1.65
dr1tmois   -3.43  3.81                 1.95             8.42
dr1ts040   -1.56  1.86                 0.80             6.65
dr1ts060   -2.59  3.48                 2.21             4.96
dr1ts080   -1.11  3.39                 2.68             5.69
dr1ts100   -2.54  5.44                 4.73             5.77
dr1ts120   -3.37  2.18                -0.14             5.20
dr1ts140   -4.33  4.96                 3.04             5.10
dr1ts160   -1.50  2.63                 2.42             4.95
dr1ts180   -2.91  4.33                 3.63             5.78
dr1tm161   -1.20  3.72                 3.18             6.35
dr1tm181   -4.44  3.96                 2.61             5.38
dr1tm201   -2.21  2.36                 0.68             5.22
dr1tm221   -3.39  2.59                -0.22             4.38
dr1tp182   -2.90  2.42                 0.80             5.85
dr1tp183   -2.01  3.33                 2.91             6.58
dr1tp184   -1.04  1.08                 0.26             3.19
dr1tp204   -1.91  2.31                 1.11             6.05
dr1tp205   -1.95  2.93                 1.82             4.49
dr1tp225   -2.19  3.62                 2.33             5.31
dr1tp226   -1.78  1.14                 0.28             4.61
dr1.300    -2.03 -0.79                -1.57             1.20
dr1.320z   -0.48  2.76                 2.41             5.23
dr1.330z    0.24  0.99                 1.03             3.64
dr1bwatz   -0.53  0.28                -0.02             3.18
dr1tws     -0.55  0.36                -0.20             1.17
drd340      0.80 -0.62                 0.03             0.75
drd360      1.25 -0.74                 0.11             0.54
dr2drstz    0.00  0.00                 0.00             0.00
dr2exmer    0.12 -2.73                -2.08             3.55
dr2dbih     0.01  0.57                 0.55             7.98
dr2day     -0.95 -0.25                -0.74             2.69
dr2lang    -0.27  1.66                 1.35             1.00
dr2mresp   -0.34 -0.98                -0.96             0.33
dr2help     0.52  0.64                 0.78             0.68
dr2tnumf   -1.54  2.37                 1.50             4.50
dr2sty      0.57 -0.57                 0.02             0.62
dr2tkcal   -2.47  3.40                 2.81             4.99
dr2tprot   -3.55  2.86                 1.02             4.76
dr2tcarb   -2.29  3.12                 1.83             5.31
dr2tsugr   -2.81  0.52                -1.26             6.39
dr2tfibe   -2.21  5.51                 4.84             6.68
dr2ttfat   -1.46  3.22                 3.00             4.77
dr2tsfat   -2.68  2.91                 1.46             5.23
dr2tmfat   -3.26  2.69                 1.37             4.84
dr2tpfat   -2.02  3.79                 2.84             6.38
dr2tchol   -0.33  2.17                 1.82             5.40
dr2tatoc   -1.86  1.77                 0.82             6.71
dr2tatoa   -1.07  1.60                 0.73             2.29
dr2tret    -1.94  3.04                 1.60             5.30
dr2tvara   -3.19  3.87                 1.69             5.99
dr2tacar   -1.22  1.54                 0.44             6.09
dr2tbcar   -0.20  1.18                 0.94             7.70
dr2tcryp    0.25  2.19                 2.22             6.50
dr2tlyco   -0.92  0.87                 0.23             5.41
dr2tlz     -2.50  2.50                 0.71             5.87
dr2tvb1    -3.61  3.14                 1.27             6.06
dr2tvb2    -1.32  2.76                 2.04             5.59
dr2tniac   -2.55  3.14                 1.96             5.66
dr2tvb6    -1.01  1.04                 0.46             5.55
dr2tfola   -2.46  3.94                 3.30             5.68
dr2tfa     -1.62  2.36                 1.70             5.29
dr2tff     -2.49  4.01                 2.93             6.07
dr2tfdfe   -2.11  3.52                 2.28             6.03
dr2tchl    -2.45  1.14                -0.44             4.69
dr2tvb12   -1.01  1.68                 0.82             5.20
dr2tb12a   -0.02 -0.48                -0.41             1.99
dr2tvc     -1.77  3.85                 2.43             7.09
dr2tvd     -1.15  1.68                 1.03             5.82
dr2tvk     -2.46 -0.20                -1.11             5.30
dr2tcalc    0.49  2.11                 2.43             5.58
dr2tphos   -3.88  3.60                 2.31             5.18
dr2tmagn   -2.93  4.15                 2.84             5.47
dr2tiron   -3.02  4.14                 3.25             5.62
dr2tzinc    0.09  1.38                 1.39             5.04
dr2tcopp   -2.35  2.90                 1.46             5.62
dr2tsodi   -2.62  4.40                 3.23             6.04
dr2tpota   -3.58  5.26                 3.47             5.39
dr2tsele   -3.82  3.63                 1.28             6.08
dr2tcaff   -1.78  0.73                -0.33             5.51
dr2ttheo   -0.75 -0.13                -0.48             3.66
dr2talco   -1.76  0.07                -0.95             2.07
dr2tmois   -2.24  2.06                 0.96             5.90
dr2ts040   -2.20  3.74                 3.17             6.50
dr2ts060   -1.28  1.82                 1.15             5.89
dr2ts080   -3.25  3.26                 1.20             6.70
dr2ts100   -2.71  4.29                 2.93             6.44
dr2ts120   -3.08  1.89                -0.09             7.60
dr2ts140   -2.03  4.85                 3.95             7.02
dr2ts160   -1.80  2.54                 1.71             5.04
dr2ts180   -1.68  2.45                 1.53             5.99
dr2tm161   -2.67  2.47                 0.91             5.69
dr2tm181   -4.16  2.66                 0.37             5.10
dr2tm201   -1.07  3.13                 2.37             6.16
dr2tm221   -2.05  1.20                 0.05             5.81
dr2tp182   -0.96  4.20                 4.10             5.64
dr2tp183   -0.58  3.94                 3.37             5.74
dr2tp184   -1.37 -1.27                -1.61             3.02
dr2tp204   -3.02  0.95                -0.94             6.61
dr2tp205   -0.74 -0.07                -0.55             4.35
dr2tp225   -0.81  1.74                 0.67             5.98
dr2tp226   -0.87  2.44                 2.18             5.42
dr2.300    -0.91  0.68                -0.21             1.24
dr2.320z   -1.47  2.12                 1.31             5.28
dr2.330z   -2.37 -0.09                -1.24             3.54
dr2bwatz   -0.03  1.32                 1.17             4.06
dr2tws      2.43 -1.67                -0.25             1.08
dr1igrms.x -0.66  3.53                 3.38             7.42
dr1ikcal.x -3.16  3.84                 2.84             6.06
dr1iprot.x -4.03  4.45                 2.60             7.25
dr1icarb.x -4.03  4.61                 3.10             6.54
dr1isugr.x -1.27  1.83                 1.12             8.04
dr1ifibe.x -2.55  1.61                -0.16             6.10
dr1itfat.x -4.55  3.03                 0.55             5.50
dr1isfat.x -2.07  4.45                 3.61             4.65
dr1imfat.x -1.49  2.04                 1.36             6.32
dr1ipfat.x -2.36  3.49                 2.50             5.67
dr1ichol.x -3.97  3.42                 0.72             6.24
dr1iatoc.x -0.01  2.15                 1.76             6.98
dr1iatoa.x -0.55  1.76                 1.11             1.57
dr1iret.x  -2.95  1.95                 0.98             5.41
dr1ivara.x -1.94  2.21                 1.32             6.16
dr1iacar.x -1.99  1.89                 0.47             5.90
dr1ibcar.x -2.79  3.59                 2.13             6.44
dr1icryp.x -1.29  1.90                 1.12             6.96
dr1ilyco.x  0.75  2.37                 2.81             4.94
dr1ilz.x   -1.67  2.48                 1.21             6.90
dr1ivb1.x  -3.19  2.12                 0.87             5.59
dr1ivb2.x  -1.85  3.65                 2.67             6.53
dr1iniac.x -2.62  2.61                 1.30             6.35
dr1ivb6.x  -1.49  3.30                 2.72             7.90
dr1ifola.x -3.92  2.53                 0.63             6.25
dr1ifa.x   -1.98  2.79                 0.83             5.58
dr1iff.x   -0.72  2.81                 2.54             6.72
dr1ifdfe.x -3.04  3.19                 2.43             5.08
dr1ichl.x  -2.85  4.44                 3.11             6.74
dr1ivb12.x -2.26  2.64                 1.42             5.55
dr1ib12a.x -1.26  2.28                 2.04             1.25
dr1ivc.x   -1.42  4.04                 2.81             6.78
dr1ivd.x   -2.59  3.48                 2.46             5.50
dr1ivk.x   -1.99  2.53                 1.82             6.35
dr1icalc.x -3.35  4.69                 2.72             7.60
dr1iphos.x -2.41  3.51                 2.39             6.79
dr1imagn.x -1.72  2.30                 1.42             6.37
dr1iiron.x -1.64  3.74                 3.22             6.16
dr1izinc.x -2.78  3.75                 1.82             6.20
dr1icopp.x -2.45  1.13                -0.43             6.00
dr1isodi.x -1.78  3.76                 3.47             7.42
dr1ipota.x -0.99  3.28                 2.38             5.98
dr1isele.x -2.55  2.19                 0.84             5.38
dr1icaff.x -1.11  1.32                 0.54             6.32
dr1itheo.x -0.88  0.46                -0.11             3.50
dr1ialco.x -2.10 -0.12                -1.09             2.33
dr1imois.x -2.18  3.84                 3.09             6.54
dr1is040.x -2.79  4.65                 3.04             7.99
dr1is060.x -0.35  2.37                 1.91             5.76
dr1is080.x -1.64  0.84                -0.20             5.09
dr1is100.x -2.43  2.89                 1.46             6.71
dr1is120.x -3.21  2.11                 0.29             6.00
dr1is140.x -3.58  3.63                 2.47             5.89
dr1is160.x -4.05  5.62                 4.81             5.80
dr1is180.x -2.36  4.00                 2.84             6.40
dr1im161.x -3.41  3.15                 1.58             7.33
dr1im181.x -3.38  3.93                 3.11             5.89
dr1im201.x -2.07  2.47                 1.61             6.50
dr1im221.x -1.10  1.36                 0.88             4.85
dr1ip182.x -1.89  4.03                 3.15             5.80
dr1ip183.x -4.23  3.17                 1.20             7.12
dr1ip184.x -1.09  1.02                 0.23             4.15
dr1ip204.x -2.08  3.17                 2.25             6.00
dr1ip205.x -0.45  1.83                 1.30             5.36
dr1ip225.x -1.72  2.10                 1.27             5.64
dr1ip226.x -1.32  1.07                 0.28             4.47

> perf@y.values
[[1]]
[1] 0.5056269

> table(testing_data$y,pre,dnn=c("真实值","预测值"))
      预测值
真实值   0   1
     0   5 353
     1  11 855
